object={
	name="tree_cypress_01_generator_1_0"
	clamp_to_water_level=no
	render_under_water=no
	generated_content=yes
	layer="tree_high_layer"
	pdxmesh="tree_cypress_01_a_mesh"
	count=119
	transform="1404.387085 0.000000 2556.111328 0.000000 0.448890 0.000000 0.893587 1.000000 1.000000 1.000000
1459.525024 0.000000 2532.225098 0.000000 0.885045 0.000000 0.465506 1.000000 1.000000 1.000000
1413.389771 0.000000 2553.946533 0.000000 0.640065 0.000000 0.768320 1.000000 1.000000 1.000000
1448.149780 0.000000 2557.331299 0.000000 0.995768 0.000000 0.091897 1.000000 1.000000 1.000000
1445.176147 0.000000 2528.520996 0.000000 0.765582 0.000000 0.643338 1.000000 1.000000 1.000000
1434.797852 0.000000 2537.196045 0.000000 0.781456 0.000000 0.623960 1.000000 1.000000 1.000000
1453.965942 0.000000 2525.677002 0.000000 0.990467 0.000000 0.137753 1.000000 1.000000 1.000000
1421.255859 0.000000 2551.838623 0.000000 0.877095 0.000000 0.480317 1.000000 1.000000 1.000000
1480.381592 0.000000 2545.258789 0.000000 0.540960 0.000000 0.841048 1.000000 1.000000 1.000000
1364.802002 0.000000 2618.421387 0.000000 0.275909 0.000000 0.961184 1.000000 1.000000 1.000000
1392.114136 0.000000 2581.318359 0.000000 0.962475 0.000000 0.271370 1.000000 1.000000 1.000000
1400.476196 0.000000 2611.729248 0.000000 0.324226 0.000000 0.945980 1.000000 1.000000 1.000000
1366.809448 0.000000 2590.806885 0.000000 0.986975 0.000000 0.160876 1.000000 1.000000 1.000000
1360.276855 0.000000 2604.733154 0.000000 0.266751 0.000000 0.963765 1.000000 1.000000 1.000000
1377.625244 0.000000 2580.286865 0.000000 0.376256 0.000000 0.926516 1.000000 1.000000 1.000000
1381.183960 0.000000 2592.505371 0.000000 0.760809 0.000000 0.648976 1.000000 1.000000 1.000000
1375.150635 0.000000 2615.308838 0.000000 0.757718 0.000000 0.652582 1.000000 1.000000 1.000000
1393.594727 0.000000 2572.856689 0.000000 0.970435 0.000000 0.241364 1.000000 1.000000 1.000000
1385.377563 0.000000 2575.787109 0.000000 0.104436 0.000000 0.994532 1.000000 1.000000 1.000000
1372.340210 0.000000 2622.348389 0.000000 0.418172 0.000000 0.908368 1.000000 1.000000 1.000000
1338.254517 0.000000 2636.884766 0.000000 0.855901 0.000000 0.517140 1.000000 1.000000 1.000000
1364.802002 0.000000 2682.405762 0.000000 0.332536 0.000000 0.943091 1.000000 1.000000 1.000000
1345.338135 0.000000 2639.215820 0.000000 0.634264 0.000000 0.773117 1.000000 1.000000 1.000000
1355.217651 0.000000 2624.146240 0.000000 0.839027 0.000000 0.544090 1.000000 1.000000 1.000000
1384.157593 0.000000 2685.300049 0.000000 0.800922 0.000000 0.598769 1.000000 1.000000 1.000000
1344.208496 0.000000 2626.652588 0.000000 0.896912 0.000000 0.442210 1.000000 1.000000 1.000000
1375.150635 0.000000 2679.293213 0.000000 0.130188 0.000000 0.991489 1.000000 1.000000 1.000000
1389.479370 0.000000 2675.814697 0.000000 0.493832 0.000000 0.869558 1.000000 1.000000 1.000000
1379.331787 0.000000 2623.921875 0.000000 0.974156 0.000000 0.225875 1.000000 1.000000 1.000000
1365.410400 0.000000 2623.713379 0.000000 0.945194 0.000000 0.326508 1.000000 1.000000 1.000000
1404.293579 0.000000 2667.168945 0.000000 0.884402 0.000000 0.466726 1.000000 1.000000 1.000000
1388.782715 0.000000 2681.581055 0.000000 0.442250 0.000000 0.896892 1.000000 1.000000 1.000000
1456.106323 0.000000 2581.318359 0.000000 0.742034 0.000000 0.670362 1.000000 1.000000 1.000000
1430.801636 0.000000 2590.806885 0.000000 0.771350 0.000000 0.636411 1.000000 1.000000 1.000000
1409.804077 0.000000 2602.386475 0.000000 0.028648 0.000000 0.999590 1.000000 1.000000 1.000000
1462.881348 0.000000 2560.127197 0.000000 0.157409 0.000000 0.987534 1.000000 1.000000 1.000000
1424.894653 0.000000 2576.792480 0.000000 0.866302 0.000000 0.499521 1.000000 1.000000 1.000000
1424.269043 0.000000 2604.733154 0.000000 0.719563 0.000000 0.694427 1.000000 1.000000 1.000000
1441.617432 0.000000 2580.286865 0.000000 0.860733 0.000000 0.509056 1.000000 1.000000 1.000000
1467.097656 0.000000 2585.968018 0.000000 0.703234 0.000000 0.710958 1.000000 1.000000 1.000000
1443.323975 0.000000 2559.937500 0.000000 0.861222 0.000000 0.508229 1.000000 1.000000 1.000000
1417.503418 0.000000 2569.620361 0.000000 0.790993 0.000000 0.611825 1.000000 1.000000 1.000000
1416.389404 0.000000 2609.243164 0.000000 0.938420 0.000000 0.345496 1.000000 1.000000 1.000000
1453.717407 0.000000 2602.675537 0.000000 0.026230 0.000000 0.999656 1.000000 1.000000 1.000000
1449.369751 0.000000 2575.787109 0.000000 0.835372 0.000000 0.549686 1.000000 1.000000 1.000000
1443.350830 0.000000 2570.519775 0.000000 0.742912 0.000000 0.669389 1.000000 1.000000 1.000000
1447.755981 0.000000 2584.958740 0.000000 0.810118 0.000000 0.586266 1.000000 1.000000 1.000000
1492.786377 0.000000 2618.421387 0.000000 0.867668 0.000000 0.497144 1.000000 1.000000 1.000000
1520.098511 0.000000 2581.318359 0.000000 0.984902 0.000000 0.173113 1.000000 1.000000 1.000000
1500.187378 0.000000 2567.039795 0.000000 0.831387 0.000000 0.555694 1.000000 1.000000 1.000000
1473.796265 0.000000 2602.386475 0.000000 0.823618 0.000000 0.567145 1.000000 1.000000 1.000000
1483.202026 0.000000 2560.161865 0.000000 0.172145 0.000000 0.985072 1.000000 1.000000 1.000000
1479.987305 0.000000 2588.699463 0.000000 0.586956 0.000000 0.809619 1.000000 1.000000 1.000000
1488.261230 0.000000 2604.733154 0.000000 0.574951 0.000000 0.818188 1.000000 1.000000 1.000000
1514.805542 0.000000 2567.321533 0.000000 0.535959 0.000000 0.844244 1.000000 1.000000 1.000000
1509.168335 0.000000 2592.505371 0.000000 0.994003 0.000000 0.109351 1.000000 1.000000 1.000000
1498.790039 0.000000 2601.180420 0.000000 0.254111 0.000000 0.967175 1.000000 1.000000 1.000000
1507.316162 0.000000 2559.937500 0.000000 0.584159 0.000000 0.811639 1.000000 1.000000 1.000000
1493.394775 0.000000 2559.729004 0.000000 0.662742 0.000000 0.748848 1.000000 1.000000 1.000000
1532.277954 0.000000 2603.184570 0.000000 0.118077 0.000000 0.993004 1.000000 1.000000 1.000000
1522.182251 0.000000 2619.767578 0.000000 0.104574 0.000000 0.994517 1.000000 1.000000 1.000000
1472.050903 0.000000 2584.253662 0.000000 0.492422 0.000000 0.870356 1.000000 1.000000 1.000000
1496.835693 0.000000 2581.707275 0.000000 0.369888 0.000000 0.929077 1.000000 1.000000 1.000000
1495.491211 0.000000 2609.790527 0.000000 0.089660 0.000000 0.995972 1.000000 1.000000 1.000000
1491.459229 0.000000 2568.398682 0.000000 0.919591 0.000000 0.392877 1.000000 1.000000 1.000000
1500.592896 0.000000 2574.685791 0.000000 0.268518 0.000000 0.963275 1.000000 1.000000 1.000000
1501.324951 0.000000 2561.098633 0.000000 0.562014 0.000000 0.827128 1.000000 1.000000 1.000000
1413.389771 0.000000 2681.915283 0.000000 0.854277 0.000000 0.519819 1.000000 1.000000 1.000000
1416.389404 0.000000 2673.227539 0.000000 0.902236 0.000000 0.431243 1.000000 1.000000 1.000000
1520.098511 0.000000 2645.302734 0.000000 0.889170 0.000000 0.457577 1.000000 1.000000 1.000000
1500.187378 0.000000 2631.024170 0.000000 0.902050 0.000000 0.431632 1.000000 1.000000 1.000000
1507.316162 0.000000 2623.921875 0.000000 0.433243 0.000000 0.901277 1.000000 1.000000 1.000000
1493.394775 0.000000 2623.713379 0.000000 0.684748 0.000000 0.728780 1.000000 1.000000 1.000000
1372.203003 0.000000 2695.008545 0.000000 0.289185 0.000000 0.957273 1.000000 1.000000 1.000000
1398.889160 0.000000 2688.095947 0.000000 0.040315 0.000000 0.999187 1.000000 1.000000 1.000000
1395.532837 0.000000 2724.178223 0.000000 0.295610 0.000000 0.955309 1.000000 1.000000 1.000000
1379.331787 0.000000 2687.906250 0.000000 0.997707 0.000000 0.067679 1.000000 1.000000 1.000000
1404.293579 0.000000 2731.153320 0.000000 0.767869 0.000000 0.640607 1.000000 1.000000 1.000000
1393.594727 0.000000 2700.825439 0.000000 0.886748 0.000000 0.462254 1.000000 1.000000 1.000000
1385.377563 0.000000 2703.755859 0.000000 0.249512 0.000000 0.968372 1.000000 1.000000 1.000000
1379.358643 0.000000 2698.488525 0.000000 0.419696 0.000000 0.907665 1.000000 1.000000 1.000000
1399.207764 0.000000 2707.870117 0.000000 0.550006 0.000000 0.835160 1.000000 1.000000 1.000000
1409.330322 0.000000 2703.200195 0.000000 0.734690 0.000000 0.678403 1.000000 1.000000 1.000000
1464.468384 0.000000 2739.697998 0.000000 0.379492 0.000000 0.925195 1.000000 1.000000 1.000000
1445.032959 0.000000 2733.261475 0.000000 0.126403 0.000000 0.991979 1.000000 1.000000 1.000000
1459.525024 0.000000 2724.178223 0.000000 0.236171 0.000000 0.971711 1.000000 1.000000 1.000000
1413.389771 0.000000 2745.899658 0.000000 0.798178 0.000000 0.602421 1.000000 1.000000 1.000000
1441.617432 0.000000 2708.255615 0.000000 0.693842 0.000000 0.720128 1.000000 1.000000 1.000000
1434.797852 0.000000 2729.149170 0.000000 0.138489 0.000000 0.990364 1.000000 1.000000 1.000000
1439.142822 0.000000 2743.277588 0.000000 0.974493 0.000000 0.224419 1.000000 1.000000 1.000000
1473.796265 0.000000 2730.355225 0.000000 0.785276 0.000000 0.619145 1.000000 1.000000 1.000000
1477.381958 0.000000 2745.899658 0.000000 0.645910 0.000000 0.763413 1.000000 1.000000 1.000000
1509.168335 0.000000 2720.474121 0.000000 0.436627 0.000000 0.899643 1.000000 1.000000 1.000000
1517.709595 0.000000 2730.644287 0.000000 0.530133 0.000000 0.847914 1.000000 1.000000 1.000000
1511.667603 0.000000 2726.782959 0.000000 0.019127 0.000000 0.999817 1.000000 1.000000 1.000000
1419.209839 0.000000 2752.114990 0.000000 0.885377 0.000000 0.464873 1.000000 1.000000 1.000000
1441.617432 0.000000 2772.239990 0.000000 0.575926 0.000000 0.817502 1.000000 1.000000 1.000000
1520.098511 0.000000 2773.271484 0.000000 0.474242 0.000000 0.880395 1.000000 1.000000 1.000000
1472.192871 0.000000 2754.621338 0.000000 0.543479 0.000000 0.839423 1.000000 1.000000 1.000000
1537.788452 0.000000 2602.386475 0.000000 0.997293 0.000000 0.073525 1.000000 1.000000 1.000000
1543.979492 0.000000 2588.699463 0.000000 0.997857 0.000000 0.065429 1.000000 1.000000 1.000000
1552.253418 0.000000 2604.733154 0.000000 0.180791 0.000000 0.983522 1.000000 1.000000 1.000000
1559.483398 0.000000 2609.790527 0.000000 0.065644 0.000000 0.997843 1.000000 1.000000 1.000000
1564.316772 0.000000 2622.348389 0.000000 0.917814 0.000000 0.397010 1.000000 1.000000 1.000000
1592.452759 0.000000 2675.713623 0.000000 0.253878 0.000000 0.967236 1.000000 1.000000 1.000000
1590.865723 0.000000 2624.111572 0.000000 0.949399 0.000000 0.314071 1.000000 1.000000 1.000000
1587.509399 0.000000 2660.193848 0.000000 0.180710 0.000000 0.983536 1.000000 1.000000 1.000000
1576.134155 0.000000 2685.300049 0.000000 0.909510 0.000000 0.415682 1.000000 1.000000 1.000000
1552.253418 0.000000 2668.717529 0.000000 0.144152 0.000000 0.989555 1.000000 1.000000 1.000000
1569.601807 0.000000 2644.271240 0.000000 0.310858 0.000000 0.950457 1.000000 1.000000 1.000000
1573.160522 0.000000 2656.489746 0.000000 0.328100 0.000000 0.944643 1.000000 1.000000 1.000000
1567.127197 0.000000 2679.293213 0.000000 0.055426 0.000000 0.998463 1.000000 1.000000 1.000000
1586.174438 0.000000 2683.751953 0.000000 0.204685 0.000000 0.978828 1.000000 1.000000 1.000000
1555.451416 0.000000 2632.383057 0.000000 0.062122 0.000000 0.998069 1.000000 1.000000 1.000000
1538.130127 0.000000 2632.821289 0.000000 0.859238 0.000000 0.511576 1.000000 1.000000 1.000000
1601.306885 0.000000 2639.215820 0.000000 0.626757 0.000000 0.779215 1.000000 1.000000 1.000000
1607.971680 0.000000 2652.683838 0.000000 0.597867 0.000000 0.801595 1.000000 1.000000 1.000000
1600.035278 0.000000 2648.238037 0.000000 0.751993 0.000000 0.659171 1.000000 1.000000 1.000000
1557.386963 0.000000 2687.697754 0.000000 0.975968 0.000000 0.217913 1.000000 1.000000 1.000000
"}
object={
	name="tree_cypress_01_generator_1_1"
	clamp_to_water_level=no
	render_under_water=no
	generated_content=yes
	layer="tree_high_layer"
	pdxmesh="tree_cypress_01_b_mesh"
	count=81
	transform="1400.476196 0.000000 2547.744873 0.000000 0.623053 0.000000 -0.782180 1.000000 1.000000 1.000000
1428.794189 0.000000 2554.437012 0.000000 0.738655 0.000000 -0.674083 1.000000 1.000000 1.000000
1464.468384 0.000000 2547.744873 0.000000 0.794737 0.000000 -0.606954 1.000000 1.000000 1.000000
1430.801636 0.000000 2526.822510 0.000000 0.985334 0.000000 -0.170639 1.000000 1.000000 1.000000
1445.032959 0.000000 2541.308350 0.000000 0.934359 0.000000 -0.356333 1.000000 1.000000 1.000000
1424.269043 0.000000 2540.748779 0.000000 0.724920 0.000000 -0.688833 1.000000 1.000000 1.000000
1439.142822 0.000000 2551.324463 0.000000 0.997967 0.000000 -0.063737 1.000000 1.000000 1.000000
1468.379272 0.000000 2556.111328 0.000000 0.974083 0.000000 -0.226191 1.000000 1.000000 1.000000
1432.843506 0.000000 2517.722900 0.000000 0.950375 0.000000 -0.311106 1.000000 1.000000 1.000000
1431.499023 0.000000 2545.806152 0.000000 0.973854 0.000000 -0.227173 1.000000 1.000000 1.000000
1492.786377 0.000000 2554.437012 0.000000 0.993858 0.000000 -0.110659 1.000000 1.000000 1.000000
1473.796265 0.000000 2538.402100 0.000000 0.874598 0.000000 -0.484850 1.000000 1.000000 1.000000
1512.141968 0.000000 2557.331299 0.000000 0.596944 0.000000 -0.802283 1.000000 1.000000 1.000000
1398.889160 0.000000 2560.127197 0.000000 0.999085 0.000000 -0.042772 1.000000 1.000000 1.000000
1381.040771 0.000000 2605.292725 0.000000 0.821202 0.000000 -0.570638 1.000000 1.000000 1.000000
1349.397583 0.000000 2617.930908 0.000000 0.982542 0.000000 -0.186042 1.000000 1.000000 1.000000
1384.157593 0.000000 2621.315674 0.000000 0.873219 0.000000 -0.487328 1.000000 1.000000 1.000000
1386.821167 0.000000 2567.321533 0.000000 0.648866 0.000000 -0.760903 1.000000 1.000000 1.000000
1402.246704 0.000000 2572.900391 0.000000 0.867081 0.000000 -0.498167 1.000000 1.000000 1.000000
1370.805664 0.000000 2601.180420 0.000000 0.967648 0.000000 -0.252303 1.000000 1.000000 1.000000
1404.293579 0.000000 2603.184570 0.000000 0.981473 0.000000 -0.191602 1.000000 1.000000 1.000000
1396.720215 0.000000 2566.678223 0.000000 0.947025 0.000000 -0.321160 1.000000 1.000000 1.000000
1372.203003 0.000000 2631.024170 0.000000 0.979543 0.000000 -0.201233 1.000000 1.000000 1.000000
1404.387085 0.000000 2684.080078 0.000000 0.922427 0.000000 -0.386171 1.000000 1.000000 1.000000
1419.209839 0.000000 2560.161865 0.000000 0.973457 0.000000 -0.228872 1.000000 1.000000 1.000000
1459.525024 0.000000 2596.209473 0.000000 0.775656 0.000000 -0.631156 1.000000 1.000000 1.000000
1450.813354 0.000000 2567.321533 0.000000 0.867411 0.000000 -0.497592 1.000000 1.000000 1.000000
1434.797852 0.000000 2601.180420 0.000000 0.722890 0.000000 -0.690963 1.000000 1.000000 1.000000
1528.460571 0.000000 2611.729248 0.000000 0.852626 0.000000 -0.522522 1.000000 1.000000 1.000000
1509.025146 0.000000 2605.292725 0.000000 0.590547 0.000000 -0.807003 1.000000 1.000000 1.000000
1512.141968 0.000000 2621.315674 0.000000 0.863635 0.000000 -0.504118 1.000000 1.000000 1.000000
1488.886841 0.000000 2576.792480 0.000000 0.997896 0.000000 -0.064831 1.000000 1.000000 1.000000
1505.609619 0.000000 2580.286865 0.000000 0.905072 0.000000 -0.425258 1.000000 1.000000 1.000000
1530.231079 0.000000 2572.900391 0.000000 0.999075 0.000000 -0.043011 1.000000 1.000000 1.000000
1531.089844 0.000000 2585.968018 0.000000 0.764241 0.000000 -0.644931 1.000000 1.000000 1.000000
1472.192871 0.000000 2562.668213 0.000000 0.638148 0.000000 -0.769914 1.000000 1.000000 1.000000
1503.135010 0.000000 2615.308838 0.000000 0.923122 0.000000 -0.384508 1.000000 1.000000 1.000000
1532.371460 0.000000 2620.095703 0.000000 0.632873 0.000000 -0.774256 1.000000 1.000000 1.000000
1505.609619 0.000000 2644.271240 0.000000 0.920127 0.000000 -0.391620 1.000000 1.000000 1.000000
1531.089844 0.000000 2649.952393 0.000000 0.999673 0.000000 -0.025553 1.000000 1.000000 1.000000
1392.114136 0.000000 2709.287109 0.000000 0.972504 0.000000 -0.232884 1.000000 1.000000 1.000000
1400.476196 0.000000 2739.697998 0.000000 0.591025 0.000000 -0.806654 1.000000 1.000000 1.000000
1386.821167 0.000000 2695.290283 0.000000 0.968389 0.000000 -0.249445 1.000000 1.000000 1.000000
1402.246704 0.000000 2700.869141 0.000000 0.998030 0.000000 -0.062745 1.000000 1.000000 1.000000
1403.105469 0.000000 2713.936768 0.000000 0.597537 0.000000 -0.801841 1.000000 1.000000 1.000000
1430.801636 0.000000 2718.775635 0.000000 0.926203 0.000000 -0.377026 1.000000 1.000000 1.000000
1419.209839 0.000000 2688.130615 0.000000 0.862775 0.000000 -0.505589 1.000000 1.000000 1.000000
1417.503418 0.000000 2697.589111 0.000000 0.996585 0.000000 -0.082579 1.000000 1.000000 1.000000
1408.542114 0.000000 2721.509521 0.000000 0.660616 0.000000 -0.750724 1.000000 1.000000 1.000000
1431.499023 0.000000 2737.759277 0.000000 0.948650 0.000000 -0.316327 1.000000 1.000000 1.000000
1488.261230 0.000000 2732.701904 0.000000 0.956435 0.000000 -0.291944 1.000000 1.000000 1.000000
1498.790039 0.000000 2729.149170 0.000000 0.732317 0.000000 -0.680964 1.000000 1.000000 1.000000
1532.277954 0.000000 2731.153320 0.000000 0.591477 0.000000 -0.806322 1.000000 1.000000 1.000000
1505.487793 0.000000 2728.212402 0.000000 0.656165 0.000000 -0.754618 1.000000 1.000000 1.000000
1436.195190 0.000000 2758.992920 0.000000 0.686720 0.000000 -0.726922 1.000000 1.000000 1.000000
1462.881348 0.000000 2752.080322 0.000000 0.778760 0.000000 -0.627322 1.000000 1.000000 1.000000
1467.097656 0.000000 2777.921143 0.000000 0.764549 0.000000 -0.644566 1.000000 1.000000 1.000000
1457.586914 0.000000 2764.809814 0.000000 0.998900 0.000000 -0.046893 1.000000 1.000000 1.000000
1449.369751 0.000000 2767.740234 0.000000 0.997230 0.000000 -0.074384 1.000000 1.000000 1.000000
1443.350830 0.000000 2762.472900 0.000000 0.856468 0.000000 -0.516201 1.000000 1.000000 1.000000
1472.050903 0.000000 2776.206787 0.000000 0.953525 0.000000 -0.301315 1.000000 1.000000 1.000000
1556.778564 0.000000 2618.421387 0.000000 0.909858 0.000000 -0.414919 1.000000 1.000000 1.000000
1537.314697 0.000000 2575.231445 0.000000 0.740884 0.000000 -0.671633 1.000000 1.000000 1.000000
1576.134155 0.000000 2621.315674 0.000000 0.951467 0.000000 -0.307752 1.000000 1.000000 1.000000
1562.782227 0.000000 2601.180420 0.000000 0.994501 0.000000 -0.104728 1.000000 1.000000 1.000000
1567.127197 0.000000 2615.308838 0.000000 0.716388 0.000000 -0.697702 1.000000 1.000000 1.000000
1536.526489 0.000000 2593.540771 0.000000 0.975536 0.000000 -0.219840 1.000000 1.000000 1.000000
1552.018433 0.000000 2585.962646 0.000000 0.844994 0.000000 -0.534776 1.000000 1.000000 1.000000
1555.437866 0.000000 2597.594238 0.000000 0.993777 0.000000 -0.111389 1.000000 1.000000 1.000000
1556.778564 0.000000 2682.405762 0.000000 0.921461 0.000000 -0.388470 1.000000 1.000000 1.000000
1558.786011 0.000000 2654.791260 0.000000 0.997165 0.000000 -0.075249 1.000000 1.000000 1.000000
1564.179565 0.000000 2631.024170 0.000000 0.987260 0.000000 -0.159114 1.000000 1.000000 1.000000
1541.374146 0.000000 2681.915283 0.000000 0.725440 0.000000 -0.688286 1.000000 1.000000 1.000000
1578.797729 0.000000 2631.305908 0.000000 0.944881 0.000000 -0.327415 1.000000 1.000000 1.000000
1595.082031 0.000000 2649.952393 0.000000 0.743038 0.000000 -0.669250 1.000000 1.000000 1.000000
1581.455933 0.000000 2675.814697 0.000000 0.991375 0.000000 -0.131055 1.000000 1.000000 1.000000
1547.185059 0.000000 2661.167480 0.000000 0.960985 0.000000 -0.276601 1.000000 1.000000 1.000000
1559.483398 0.000000 2673.774902 0.000000 0.961554 0.000000 -0.274618 1.000000 1.000000 1.000000
1581.701782 0.000000 2666.659912 0.000000 0.629055 0.000000 -0.777361 1.000000 1.000000 1.000000
1537.788452 0.000000 2730.355225 0.000000 0.993538 0.000000 -0.113497 1.000000 1.000000 1.000000
1578.797729 0.000000 2695.290283 0.000000 0.974384 0.000000 -0.224889 1.000000 1.000000 1.000000
"}
object={
	name="tree_cypress_01_generator_1_2"
	clamp_to_water_level=no
	render_under_water=no
	generated_content=yes
	layer="tree_high_layer"
	pdxmesh="tree_cypress_01_c_mesh"
	count=53
	transform="1456.106323 0.000000 2517.333984 0.000000 0.119048 0.000000 -0.992889 1.000000 1.000000 1.000000
1441.617432 0.000000 2516.302490 0.000000 0.071004 0.000000 -0.997476 1.000000 1.000000 1.000000
1468.285767 0.000000 2539.200195 0.000000 0.239311 0.000000 -0.970943 1.000000 1.000000 1.000000
1453.717407 0.000000 2538.691162 0.000000 0.166273 0.000000 -0.986080 1.000000 1.000000 1.000000
1389.479370 0.000000 2611.830322 0.000000 0.132352 0.000000 -0.991203 1.000000 1.000000 1.000000
1374.769775 0.000000 2587.634277 0.000000 0.492268 0.000000 -0.870443 1.000000 1.000000 1.000000
1383.763794 0.000000 2584.958740 0.000000 0.571607 0.000000 -0.820528 1.000000 1.000000 1.000000
1396.509521 0.000000 2605.694336 0.000000 0.550821 0.000000 -0.834623 1.000000 1.000000 1.000000
1400.476196 0.000000 2675.713623 0.000000 0.478669 0.000000 -0.877995 1.000000 1.000000 1.000000
1381.040771 0.000000 2669.277100 0.000000 0.281579 0.000000 -0.959538 1.000000 1.000000 1.000000
1353.511230 0.000000 2633.604736 0.000000 0.039684 0.000000 -0.999212 1.000000 1.000000 1.000000
1394.197876 0.000000 2683.751953 0.000000 0.441677 0.000000 -0.897174 1.000000 1.000000 1.000000
1372.340210 0.000000 2686.332764 0.000000 0.461726 0.000000 -0.887023 1.000000 1.000000 1.000000
1409.330322 0.000000 2575.231445 0.000000 0.275310 0.000000 -0.961356 1.000000 1.000000 1.000000
1464.468384 0.000000 2611.729248 0.000000 0.561733 0.000000 -0.827319 1.000000 1.000000 1.000000
1436.195190 0.000000 2567.039795 0.000000 0.308189 0.000000 -0.951325 1.000000 1.000000 1.000000
1445.032959 0.000000 2605.292725 0.000000 0.469912 0.000000 -0.882713 1.000000 1.000000 1.000000
1415.995117 0.000000 2588.699463 0.000000 0.062135 0.000000 -0.998068 1.000000 1.000000 1.000000
1408.200684 0.000000 2562.668213 0.000000 0.574039 0.000000 -0.818828 1.000000 1.000000 1.000000
1408.542114 0.000000 2593.540771 0.000000 0.023317 0.000000 -0.999728 1.000000 1.000000 1.000000
1473.322510 0.000000 2575.231445 0.000000 0.143723 0.000000 -0.989618 1.000000 1.000000 1.000000
1494.793823 0.000000 2590.806885 0.000000 0.453663 0.000000 -0.891173 1.000000 1.000000 1.000000
1517.463745 0.000000 2611.830322 0.000000 0.256692 0.000000 -0.966493 1.000000 1.000000 1.000000
1472.534302 0.000000 2593.540771 0.000000 0.320216 0.000000 -0.947344 1.000000 1.000000 1.000000
1507.343018 0.000000 2570.519775 0.000000 0.561197 0.000000 -0.827682 1.000000 1.000000 1.000000
1409.804077 0.000000 2666.370850 0.000000 0.557893 0.000000 -0.829913 1.000000 1.000000 1.000000
1530.231079 0.000000 2636.884766 0.000000 0.285170 0.000000 -0.958477 1.000000 1.000000 1.000000
1491.459229 0.000000 2632.383057 0.000000 0.582075 0.000000 -0.813135 1.000000 1.000000 1.000000
1519.370361 0.000000 2624.787598 0.000000 0.453965 0.000000 -0.891020 1.000000 1.000000 1.000000
1428.794189 0.000000 2746.390137 0.000000 0.565662 0.000000 -0.824637 1.000000 1.000000 1.000000
1409.804077 0.000000 2730.355225 0.000000 0.206047 0.000000 -0.978542 1.000000 1.000000 1.000000
1424.269043 0.000000 2732.701904 0.000000 0.324159 0.000000 -0.946002 1.000000 1.000000 1.000000
1453.471558 0.000000 2739.799072 0.000000 0.502262 0.000000 -0.864715 1.000000 1.000000 1.000000
1468.379272 0.000000 2748.064453 0.000000 0.567505 0.000000 -0.823370 1.000000 1.000000 1.000000
1416.389404 0.000000 2737.211914 0.000000 0.231308 0.000000 -0.972880 1.000000 1.000000 1.000000
1523.517212 0.000000 2724.178223 0.000000 0.246936 0.000000 -0.969032 1.000000 1.000000 1.000000
1456.106323 0.000000 2773.271484 0.000000 0.153468 0.000000 -0.988154 1.000000 1.000000 1.000000
1450.813354 0.000000 2759.274658 0.000000 0.075680 0.000000 -0.997132 1.000000 1.000000 1.000000
1558.786011 0.000000 2590.806885 0.000000 0.072257 0.000000 -0.997386 1.000000 1.000000 1.000000
1541.374146 0.000000 2617.930908 0.000000 0.254274 0.000000 -0.967132 1.000000 1.000000 1.000000
1547.185059 0.000000 2597.183105 0.000000 0.513354 0.000000 -0.858177 1.000000 1.000000 1.000000
1551.395752 0.000000 2592.323975 0.000000 0.473427 0.000000 -0.880833 1.000000 1.000000 1.000000
1537.788452 0.000000 2666.370850 0.000000 0.075764 0.000000 -0.997126 1.000000 1.000000 1.000000
1573.017334 0.000000 2669.277100 0.000000 0.298697 0.000000 -0.954348 1.000000 1.000000 1.000000
1547.194214 0.000000 2624.146240 0.000000 0.400689 0.000000 -0.916214 1.000000 1.000000 1.000000
1594.223267 0.000000 2636.884766 0.000000 0.382649 0.000000 -0.923894 1.000000 1.000000 1.000000
1571.308350 0.000000 2623.921875 0.000000 0.392505 0.000000 -0.919750 1.000000 1.000000 1.000000
1571.335205 0.000000 2634.504150 0.000000 0.550539 0.000000 -0.834810 1.000000 1.000000 1.000000
1601.780640 0.000000 2666.370850 0.000000 0.320016 0.000000 -0.947412 1.000000 1.000000 1.000000
1600.518677 0.000000 2657.525146 0.000000 0.458591 0.000000 -0.888647 1.000000 1.000000 1.000000
1564.179565 0.000000 2695.008545 0.000000 0.559592 0.000000 -0.828768 1.000000 1.000000 1.000000
1547.194214 0.000000 2688.130615 0.000000 0.277504 0.000000 -0.960725 1.000000 1.000000 1.000000
1571.308350 0.000000 2687.906250 0.000000 0.580216 0.000000 -0.814463 1.000000 1.000000 1.000000
"}
